5000000
time: 0.048583
1642668640
5000000 2
time: 0.0455298
1642668640
5000000 2
time: 0.0442131
1642668640
5000000 2
time: 0.037699
1642668640
5000000 2
time: 0.0417261
1642668640
5000000 2
time: 0.04286
1642668640
5000000
time: 0.029166
1642668640
5000000 4
time: 0.0182459
1642668640
5000000 4
time: 0.0178709
1642668640
5000000 4
time: 0.0174861
1642668640
5000000 4
time: 0.0195661
1642668640
5000000 4
time: 0.0189469
1642668640
5000000
time: 0.0292251
1642668640
5000000 8
time: 0.00819492
1642668640
5000000 8
time: 0.00823092
1642668640
5000000 8
time: 0.00801897
1642668640
5000000 8
time: 0.00798988
1642668640
5000000 8
time: 0.0082221
1642668640
5000000
time: 0.02507
1642668640
5000000 16
time: 0.00411892
1642668640
5000000 16
time: 0.00395203
1642668640
5000000 16
time: 0.00389004
1642668640
5000000 16
time: 0.00395083
1642668640
5000000 16
time: 0.003932
1642668640
5000000
time: 0.022305
1642668640
5000000 32
time: 0.00204396
1642668640
5000000 32
time: 0.00200605
1642668640
5000000 32
time: 0.00200009
1642668640
5000000 32
time: 0.00199318
1642668640
5000000 32
time: 0.00206995
1642668640
5000000
time: 0.0221138
1642668640
5000000 64
time: 0.00106382
1642668640
5000000 64
time: 0.00109506
1642668640
5000000 64
time: 0.00102305
1642668640
5000000 64
time: 0.00110912
1642668640
5000000 64
time: 0.00106382
1642668640
5000000
time: 0.022161
1642668640
5000000 128
time: 0.000590086
1642668640
5000000 128
time: 0.000602961
1642668640
5000000 128
time: 0.000638008
1642668640
5000000 128
time: 0.000601053
1642668640
5000000 128
time: 0.000619888
1642668640
5000000
time: 0.022155
1642668640
5000000 256
time: 0.000388145
1642668640
5000000 256
time: 0.000472069
1642668640
5000000 256
time: 0.000381947
1642668640
5000000 256
time: 0.000417948
1642668640
5000000 256
time: 0.000403166
1642668640
5000000
time: 0.0221949
1642668640
5000000 512
time: 0.000339985
1642668640
5000000 512
time: 0.0010159
1642668640
5000000 512
time: 0.000343084
1642668640
5000000 512
time: 0.000462055
1642668640
5000000 512
time: 0.000349045
1642668640
5000000
time: 0.0221622
1642668640
5000000 1024
time: 0.000364065
1642668640
5000000 1024
time: 0.000334024
1642668640
5000000 1024
time: 0.000325918
1642668640
5000000 1024
time: 0.000339985
1642668640
5000000 1024
time: 0.000345945
1642668640
5000000
time: 0.0222032
1642668640
5000000 2048
time: 0.000309944
1642668640
5000000 2048
time: 0.000340939
1642668640
5000000 2048
time: 0.000344992
1642668640
5000000 2048
time: 0.000334024
1642668640
5000000 2048
time: 0.000313044
1642668640
5000000
time: 0.0222402
1642668640
5000000 4096
time: 0.00030303
1642668640
5000000 4096
time: 0.00029707
1642668640
5000000 4096
time: 0.00107288
1642668640
5000000 4096
time: 0.000306845
1642668640
5000000 4096
time: 0.000320911
1642668640
5000000
time: 0.022151
1642668640
5000000 8192
time: 0.000307083
1642668640
5000000 8192
time: 0.000319958
1642668640
5000000 8192
time: 0.000338078
1642668640
5000000 8192
time: 0.00032115
1642668640
5000000 8192
time: 0.000298023
1642668640
5000000
time: 0.022234
1642668640
5000000 16384
time: 0.000343084
1642668640
5000000 16384
time: 0.000306129
1642668640
5000000 16384
time: 0.000356197
1642668640
5000000 16384
time: 0.000355005
1642668640
5000000 16384
time: 0.00109386
1642668640
5000000
time: 0.022186
1642668640
5000000 32768
time: 0.00031805
1642668640
5000000 32768
time: 0.000294924
1642668640
5000000 32768
time: 0.000312805
1642668640
5000000 32768
time: 0.00031209
1642668640
5000000 32768
time: 0.000326157
1642668640
