0.0221529
0.049865
0.043076
0.0409961
0.044955
0.039784
0.0188811
0.0177691
0.0191672
0.0195451
0.0191379
0.0086860
0.0085358
0.0082819
0.0082538
0.0083868
0.0043070
0.0041120
0.0042710
0.0041949
0.0041630
0.00211
0.0022978
0.0020558
0.0022118
0.0022180
0.0011699
0.0011360
0.001019
0.0011379
0.0011341
0.0006010
0.0006070
0.0005989
0.0005910
0.0006158
0.0003910
0.0004110
0.0004069
0.0003910
0.0003831
0.0003170
0.0003519
0.0003850
0.0003480
0.0003299
0.0003559
0.0003080
0.0003378
0.0014009
0.0003209
0.0003199
0.0003089
0.0003399
0.0003559
0.0003609
0.0002901
0.0003230
0.0003259
0.0003108
0.0003669
0.0003387
0.0003540
0.0003058
0.0003538
0.0003650
0.0003559
0.0003299
0.0003540
0.0003740
0.0003240
0.0003340
0.0003368
0.0003280
0.0003340
0.0003609
