5000000
time: 0.054147
1642668640
5000000 2
time: 0.129055
1642668640
5000000 2
time: 0.128586
1642668640
5000000 2
time: 0.12548
1642668640
5000000 2
time: 0.130352
1642668640
5000000 2
time: 0.126469
1642668640
5000000 4
time: 0.050509
1642668640
5000000 4
time: 0.048713
1642668640
5000000 4
time: 0.051249
1642668640
5000000 4
time: 0.04777
1642668640
5000000 4
time: 0.047214
1642668640
5000000 8
time: 0.0253601
1642668640
5000000 8
time: 0.0239019
1642668640
5000000 8
time: 0.0231168
1642668640
5000000 8
time: 0.0231371
1642668640
5000000 8
time: 0.0241859
1642668640
5000000 16
time: 0.0131891
1642668640
5000000 16
time: 0.012712
1642668640
5000000 16
time: 0.0115929
1642668640
5000000 16
time: 0.0126309
1642668640
5000000 16
time: 0.0124722
1642668640
5000000 32
time: 0.00587296
1642668640
5000000 32
time: 0.00595593
1642668640
5000000 32
time: 0.00583315
1642668640
5000000 32
time: 0.00597501
1642668640
5000000 32
time: 0.00634909
1642668640
5000000 64
time: 0.00311708
1642668640
5000000 64
time: 0.00306702
1642668640
5000000 64
time: 0.00310802
1642668640
5000000 64
time: 0.00311494
1642668640
5000000 64
time: 0.00302505
1642668640
5000000 128
time: 0.00162005
1642668640
5000000 128
time: 0.00158501
1642668640
5000000 128
time: 0.00160599
1642668640
5000000 128
time: 0.00152206
1642668640
5000000 128
time: 0.00160813
1642668640
5000000 256
time: 0.00088191
1642668640
5000000 256
time: 0.000911951
1642668640
5000000 256
time: 0.00089097
1642668640
5000000 256
time: 0.000923872
1642668640
5000000 256
time: 0.000931978
1642668640
5000000 512
time: 0.000576973
1642668640
5000000 512
time: 0.000571012
1642668640
5000000 512
time: 0.000576973
1642668640
5000000 512
time: 0.00061202
1642668640
5000000 512
time: 0.000586033
1642668640
5000000 1024
time: 0.000360966
1642668640
5000000 1024
time: 0.000351191
1642668640
5000000 1024
time: 0.000390053
1642668640
5000000 1024
time: 0.000387192
1642668640
5000000 1024
time: 0.000378847
1642668640
5000000 2048
time: 0.000313997
1642668640
5000000 2048
time: 0.000286102
1642668640
5000000 2048
time: 0.000313044
1642668640
5000000 2048
time: 0.000295877
1642668640
5000000 2048
time: 0.000310898
1642668640
5000000 4096
time: 0.000292063
1642668640
5000000 4096
time: 0.000247002
1642668640
5000000 4096
time: 0.000249147
1642668640
5000000 4096
time: 0.000262022
1642668640
5000000 4096
time: 0.00024581
1642668640
5000000 8192
time: 0.000248909
1642668640
5000000 8192
time: 0.000277996
1642668640
5000000 8192
time: 0.000268936
1642668640
5000000 8192
time: 0.000211
1642668640
5000000 8192
time: 0.000226021
1642668640
5000000 16384
time: 0.000233173
1642668640
5000000 16384
time: 0.000241995
1642668640
5000000 16384
time: 0.000263214
1642668640
5000000 16384
time: 0.000207901
1642668640
5000000 16384
time: 0.000217915
1642668640
5000000 32768
time: 0.000276089
1642668640
5000000 32768
time: 0.000234127
1642668640
5000000 32768
time: 0.000221968
1642668640
5000000 32768
time: 0.000228167
1642668640
5000000 32768
time: 0.000265121
1642668640
