0.054147
0.129055
0.128586
0.12548
0.130352
0.126469
0.050509
0.048713
0.051249
0.04777
0.047214
0.0253601
0.0239019
0.0231168
0.0231371
0.0241859
0.0131891
0.012712
0.0115929
0.0126309
0.0124722
0.0058729
0.0059559
0.0058331
0.0059750
0.0063490
0.0031170
0.0030670
0.0031080
0.0031149
0.0030250
0.0016200
0.0015850
0.0016059
0.0015220
0.0016081
0.0008819
0.0009119
0.0008909
0.0009238
0.0009319
0.0005769
0.0005710
0.0005769
0.0006120
0.0005860
0.0003609
0.0003511
0.0003900
0.0003871
0.0003788
0.0003139
0.0002861
0.0003130
0.0002958
0.0003108
0.0002920
0.0002470
0.0002491
0.0002620
0.0002458
0.0002489
0.0002779
0.0002689
0.000211
0.0002260
0.0002331
0.0002419
0.0002632
0.0002079
0.0002179
0.0002760
0.0002341
0.0002219
0.0002281
0.0002651
