5000000
time: 0.0474379
1642668640
5000000
time: 0.586453
1642668640
5000000
time: 0.394556
1642668640
5000000
time: 0.392894
1642668640
5000000
time: 0.394944
1642668640
5000000
time: 0.392154
1642668640
5000000
time: 1.26236
1642668640
5000000
time: 1.10061
1642668640
5000000
time: 1.08856
1642668640
5000000
time: 1.07131
1642668640
5000000
time: 1.04215
1642668640
5000000
time: 0.898093
1642668640
5000000
time: 0.813015
1642668640
5000000
time: 0.918594
1642668640
5000000
time: 0.801872
1642668640
5000000
time: 0.952794
1642668640
5000000
time: 0.383975
1642668640
5000000
time: 0.374746
1642668640
5000000
time: 0.393842
1642668640
5000000
time: 0.383197
1642668640
5000000
time: 0.597293
1642668640
5000000
time: 0.345093
1642668640
5000000
time: 0.363192
1642668640
5000000
time: 0.349064
1642668640
5000000
time: 0.363926
1642668640
5000000
time: 0.359425
1642668640
5000000
time: 0.236896
1642668640
5000000
time: 0.228352
1642668640
5000000
time: 0.244767
1642668640
5000000
time: 0.242266
1642668640
5000000
time: 0.245731
1642668640
5000000
time: 0.215491
1642668640
5000000
time: 0.200062
1642668640
5000000
time: 0.19456
1642668640
5000000
time: 0.216023
1642668640
5000000
time: 0.206315
1642668640
5000000
time: 0.180429
1642668640
5000000
time: 0.184149
1642668640
5000000
time: 0.175989
1642668640
5000000
time: 0.177414
1642668640
5000000
time: 0.192716
1642668640
5000000
time: 0.17078
1642668640
5000000
time: 0.168393
1642668640
5000000
time: 0.16485
1642668640
5000000
time: 0.164339
1642668640
5000000
time: 0.174013
1642668640
5000000
time: 0.152201
1642668640
5000000
time: 0.14005
1642668640
5000000
time: 0.15771
1642668640
5000000
time: 0.149511
1642668640
5000000
time: 0.16437
1642668640
5000000
time: 0.146536
1642668640
5000000
time: 0.145415
1642668640
5000000
time: 0.141475
1642668640
5000000
time: 0.142677
1642668640
5000000
time: 0.139547
1642668640
5000000
time: 0.127381
1642668640
5000000
time: 0.134761
1642668640
5000000
time: 0.134302
1642668640
5000000
time: 0.140888
1642668640
5000000
time: 0.133857
1642668640
5000000
time: 0.12012
1642668640
5000000
time: 0.129438
1642668640
5000000
time: 0.112908
1642668640
5000000
time: 0.135153
1642668640
5000000
time: 0.124267
1642668640
5000000
time: 0.114823
1642668640
5000000
time: 0.117728
1642668640
5000000
time: 0.112637
1642668640
5000000
time: 0.130028
1642668640
5000000
time: 0.124864
1642668640
5000000
time: 0.106943
1642668640
5000000
time: 0.12758
1642668640
5000000
time: 0.1178
1642668640
5000000
time: 0.111921
1642668640
5000000
time: 0.110103
1642668640
5000000
time: 0.103657
1642668640
5000000
time: 0.108047
1642668640
5000000
time: 0.101609
1642668640
5000000
time: 0.114275
1642668640
5000000
time: 0.104958
1642668640
5000000
time: 0.10988
1642668640
5000000
time: 0.100288
1642668640
5000000
time: 0.104303
1642668640
5000000
time: 0.0983281
1642668640
5000000
time: 0.1043
1642668640
5000000
time: 0.0932112
1642668640
5000000
time: 0.099263
1642668640
5000000
time: 0.0922711
1642668640
5000000
time: 0.098932
1642668640
5000000
time: 0.095968
1642668640
5000000
time: 0.0960429
1642668640
5000000
time: 0.0910962
1642668640
5000000
time: 0.100677
1642668640
5000000
time: 0.0947609
1642668640
5000000
time: 0.091289
1642668640
5000000
time: 0.09518
1642668640
5000000
time: 0.0925131
1642668640
5000000
time: 0.0962982
1642668640
5000000
time: 0.08865
1642668640
5000000
time: 0.0913198
1642668640
5000000
time: 0.0867789
1642668640
5000000
time: 0.0911069
1642668640
5000000
time: 0.0856779
1642668640
5000000
time: 0.0891471
1642668640
5000000
time: 0.082989
1642668640
5000000
time: 0.0888681
1642668640
5000000
time: 0.0784311
1642668640
5000000
time: 0.0857251
1642668640
5000000
time: 0.085217
1642668640
5000000
time: 0.0890241
1642668640
5000000
time: 0.0776708
1642668640
5000000
time: 0.079865
1642668640
5000000
time: 0.0788929
1642668640
5000000
time: 0.0776551
1642668640
5000000
time: 0.080318
1642668640
5000000
time: 0.0768909
1642668640
5000000
time: 0.070343
1642668640
5000000
time: 0.0764098
1642668640
5000000
time: 0.0793071
1642668640
5000000
time: 0.07324
1642668640
5000000
time: 0.072155
1642668640
5000000
time: 0.070776
1642668640
5000000
time: 0.076165
1642668640
5000000
time: 0.073066
1642668640
5000000
time: 0.071372
1642668640
5000000
time: 0.073863
1642668640
5000000
time: 0.0765698
1642668640
5000000
time: 0.0669298
1642668640
5000000
time: 0.071914
1642668640
5000000
time: 0.0819399
1642668640
5000000
time: 0.0669858
1642668640
5000000
time: 0.0665472
1642668640
5000000
time: 0.0751128
1642668640
5000000
time: 0.068459
1642668640
5000000
time: 0.070884
1642668640
5000000
time: 0.0702901
1642668640
5000000
time: 0.062135
1642668640
5000000
time: 0.0688081
1642668640
5000000
time: 0.0732501
1642668640
5000000
time: 0.0643499
1642668640
5000000
time: 0.063108
1642668640
5000000
time: 0.0683689
1642668640
5000000
time: 0.068032
1642668640
5000000
time: 0.0643961
1642668640
5000000
time: 0.0601962
1642668640
5000000
time: 0.06898
1642668640
5000000
time: 0.0636039
1642668640
5000000
time: 0.058836
1642668640
5000000
time: 0.0616119
1642668640
5000000
time: 0.06212
1642668640
5000000
time: 0.0594909
1642668640
5000000
time: 0.0619509
1642668640
5000000
time: 0.0574441
1642668640
5000000
time: 0.0636749
1642668640
5000000
time: 0.0650291
1642668640
5000000
time: 0.061548
1642668640
5000000
time: 0.0582621
1642668640
5000000
time: 0.058912
1642668640
5000000
time: 0.0647919
1642668640
5000000
time: 0.0563421
1642668640
5000000
time: 0.058867
1642668640
5000000
time: 0.0569041
1642668640
5000000
time: 0.0558941
1642668640
5000000
time: 0.0551491
1642668640
5000000
time: 0.0584252
1642668640
5000000
time: 0.0571709
1642668640
5000000
time: 0.0546062
1642668640
5000000
time: 0.055582
1642668640
5000000
time: 0.056391
1642668640
5000000
time: 0.0541329
1642668640
5000000
time: 0.0516582
1642668640
5000000
time: 0.056798
1642668640
5000000
time: 0.055037
1642668640
5000000
time: 0.0561411
1642668640
5000000
time: 0.0542259
1642668640
5000000
time: 0.051734
1642668640
5000000
time: 0.0564082
1642668640
5000000
time: 0.055819
1642668640
5000000
time: 0.0498481
1642668640
5000000
time: 0.0560119
1642668640
5000000
time: 0.0550349
1642668640
5000000
time: 0.050432
1642668640
5000000
time: 0.0554221
1642668640
5000000
time: 0.0523551
1642668640
5000000
time: 0.0503581
1642668640
5000000
time: 0.0529549
1642668640
5000000
time: 0.0493701
1642668640
5000000
time: 0.0503061
1642668640
5000000
time: 0.04813
1642668640
5000000
time: 0.0507338
1642668640
5000000
time: 0.050945
1642668640
5000000
time: 0.0476801
1642668640
5000000
time: 0.055665
1642668640
5000000
time: 0.051513
1642668640
5000000
time: 0.0484788
1642668640
5000000
time: 0.050508
1642668640
5000000
time: 0.0514722
1642668640
5000000
time: 0.0480552
1642668640
5000000
time: 0.0470419
1642668640
5000000
time: 0.0498452
1642668640
5000000
time: 0.0478251
1642668640
5000000
time: 0.0475891
1642668640
5000000
time: 0.0472522
1642668640
5000000
time: 0.04846
1642668640
5000000
time: 0.0465431
1642668640
5000000
time: 0.044946
1642668640
5000000
time: 0.046366
1642668640
5000000
time: 0.046777
1642668640
5000000
time: 0.0451059
1642668640
5000000
time: 0.0456538
1642668640
5000000
time: 0.0467
1642668640
5000000
time: 0.0485179
1642668640
5000000
time: 0.044821
1642668640
5000000
time: 0.0471799
1642668640
5000000
time: 0.0455701
1642668640
5000000
time: 0.045083
1642668640
5000000
time: 0.0455492
1642668640
5000000
time: 0.0451961
1642668640
5000000
time: 0.044888
1642668640
5000000
time: 0.0428262
1642668640
5000000
time: 0.0425079
1642668640
5000000
time: 0.0438578
1642668640
5000000
time: 0.0429091
1642668640
5000000
time: 0.0449071
1642668640
5000000
time: 0.0431209
1642668640
5000000
time: 0.0439949
1642668640
5000000
time: 0.0429671
1642668640
5000000
time: 0.0449219
1642668640
5000000
time: 0.043051
1642668640
5000000
time: 0.043021
1642668640
5000000
time: 0.0432372
1642668640
5000000
time: 0.04052
1642668640
5000000
time: 0.044143
1642668640
5000000
time: 0.0438721
1642668640
5000000
time: 0.042136
1642668640
5000000
time: 0.0405431
1642668640
5000000
time: 0.0428519
1642668640
5000000
time: 0.040849
1642668640
5000000
time: 0.042002
1642668640
5000000
time: 0.042196
1642668640
5000000
time: 0.0404451
1642668640
5000000
time: 0.039052
1642668640
5000000
time: 0.0390961
1642668640
5000000
time: 0.0398769
1642668640
5000000
time: 0.0406549
1642668640
5000000
time: 0.0395
1642668640
5000000
time: 0.0388389
1642668640
5000000
time: 0.040071
1642668640
5000000
time: 0.03894
1642668640
5000000
time: 0.0395
1642668640
5000000
time: 0.040448
1642668640
5000000
time: 0.0385051
1642668640
5000000
time: 0.0386
1642668640
5000000
time: 0.038763
1642668640
5000000
time: 0.037653
1642668640
5000000
time: 0.0391159
1642668640
5000000
time: 0.037991
1642668640
5000000
time: 0.0371521
1642668640
5000000
time: 0.0381188
1642668640
5000000
time: 0.0384319
1642668640
5000000
time: 0.0380108
1642668640
5000000
time: 0.0369558
1642668640
5000000
time: 0.0376861
1642668640
5000000
time: 0.0377171
1642668640
5000000
time: 0.0370328
1642668640
5000000
time: 0.037071
1642668640
5000000
time: 0.036552
1642668640
5000000
time: 0.0355911
1642668640
5000000
time: 0.0363119
1642668640
5000000
time: 0.0369308
1642668640
5000000
time: 0.0362749
1642668640
5000000
time: 0.0361378
1642668640
5000000
time: 0.0355089
1642668640
5000000
time: 0.035888
1642668640
5000000
time: 0.0361099
1642668640
5000000
time: 0.0358388
1642668640
5000000
time: 0.035331
1642668640
5000000
time: 0.0355849
1642668640
5000000
time: 0.0357749
1642668640
5000000
time: 0.0362329
1642668640
5000000
time: 0.0383358
1642668640
5000000
time: 0.0356328
1642668640
5000000
time: 0.0363512
1642668640
5000000
time: 0.0356009
1642668640
5000000
time: 0.034879
1642668640
5000000
time: 0.0352771
1642668640
5000000
time: 0.0350201
1642668640
5000000
time: 0.0356781
1642668640
5000000
time: 0.0345869
1642668640
5000000
time: 0.035073
1642668640
5000000
time: 0.0336931
1642668640
5000000
time: 0.034878
1642668640
5000000
time: 0.0336008
1642668640
5000000
time: 0.033957
1642668640
5000000
time: 0.0340869
1642668640
5000000
time: 0.033047
1642668640
5000000
time: 0.0358729
1642668640
5000000
time: 0.033473
1642668640
5000000
time: 0.0349431
1642668640
5000000
time: 0.034055
1642668640
5000000
time: 0.033035
1642668640
5000000
time: 0.0348589
1642668640
5000000
time: 0.035538
1642668640
5000000
time: 0.0346801
1642668640
5000000
time: 0.0348752
1642668640
5000000
time: 0.033494
1642668640
5000000
time: 0.0341859
1642668640
5000000
time: 0.0332081
1642668640
5000000
time: 0.032057
1642668640
5000000
time: 0.0345709
1642668640
5000000
time: 0.03355
1642668640
5000000
time: 0.034179
1642668640
5000000
time: 0.0325
1642668640
5000000
time: 0.0345101
1642668640
5000000
time: 0.032146
1642668640
5000000
time: 0.033659
1642668640
5000000
time: 0.032465
1642668640
5000000
time: 0.0342519
1642668640
5000000
time: 0.0329978
1642668640
5000000
time: 0.03334
1642668640
6000000
time: 0.0292029
-210937536
6000000
time: 0.514954
-210937536
6000000
time: 0.514662
-210937536
6000000
time: 0.515074
-210937536
6000000
time: 0.515581
-210937536
6000000
time: 0.517669
-210937536
6000000
time: 1.38466
-210937536
6000000
time: 1.30907
-210937536
6000000
time: 1.30075
-210937536
6000000
time: 1.25265
-210937536
6000000
time: 1.42127
-210937536
6000000
time: 1.01785
-210937536
6000000
time: 0.809209
-210937536
6000000
time: 1.03753
-210937536
6000000
time: 1.03103
-210937536
6000000
time: 0.983093
-210937536
6000000
time: 0.533274
-210937536
6000000
time: 0.492936
-210937536
6000000
time: 0.470996
-210937536
6000000
time: 0.49496
-210937536
6000000
time: 0.468786
-210937536
6000000
time: 0.411547
-210937536
6000000
time: 0.423325
-210937536
6000000
time: 0.410058
-210937536
6000000
time: 0.423533
-210937536
6000000
time: 0.388411
-210937536
6000000
time: 0.279
-210937536
6000000
time: 0.29903
-210937536
6000000
time: 0.284872
-210937536
6000000
time: 0.266464
-210937536
6000000
time: 0.280312
-210937536
6000000
time: 0.260923
-210937536
6000000
time: 0.257327
-210937536
6000000
time: 0.233225
-210937536
6000000
time: 0.240955
-210937536
6000000
time: 0.252345
-210937536
6000000
time: 0.229534
-210937536
6000000
time: 0.203407
-210937536
6000000
time: 0.212596
-210937536
6000000
time: 0.214742
-210937536
6000000
time: 0.211161
-210937536
6000000
time: 0.20218
-210937536
6000000
time: 0.191615
-210937536
6000000
time: 0.193315
-210937536
6000000
time: 0.195727
-210937536
6000000
time: 0.206731
-210937536
6000000
time: 0.179305
-210937536
6000000
time: 0.191327
-210937536
6000000
time: 0.187934
-210937536
6000000
time: 0.181142
-210937536
6000000
time: 0.186865
-210937536
6000000
time: 0.171271
-210937536
6000000
time: 0.174027
-210937536
6000000
time: 0.179535
-210937536
6000000
time: 0.182741
-210937536
6000000
time: 0.168609
-210937536
6000000
time: 0.158854
-210937536
6000000
time: 0.159277
-210937536
6000000
time: 0.165972
-210937536
6000000
time: 0.165217
-210937536
6000000
time: 0.153531
-210937536
6000000
time: 0.15354
-210937536
6000000
time: 0.155661
-210937536
6000000
time: 0.155217
-210937536
6000000
time: 0.152151
-210937536
6000000
time: 0.152083
-210937536
6000000
time: 0.138564
-210937536
6000000
time: 0.142946
-210937536
6000000
time: 0.129613
-210937536
6000000
time: 0.152426
-210937536
6000000
time: 0.135496
-210937536
6000000
time: 0.138839
-210937536
6000000
time: 0.131613
-210937536
6000000
time: 0.137896
-210937536
6000000
time: 0.138358
-210937536
6000000
time: 0.127217
-210937536
6000000
time: 0.12869
-210937536
6000000
time: 0.123568
-210937536
6000000
time: 0.129824
-210937536
6000000
time: 0.114599
-210937536
6000000
time: 0.131058
-210937536
6000000
time: 0.1127
-210937536
6000000
time: 0.125458
-210937536
6000000
time: 0.112679
-210937536
6000000
time: 0.12576
-210937536
6000000
time: 0.115649
-210937536
6000000
time: 0.125603
-210937536
6000000
time: 0.11817
-210937536
6000000
time: 0.121701
-210937536
6000000
time: 0.107156
-210937536
6000000
time: 0.126444
-210937536
6000000
time: 0.119432
-210937536
6000000
time: 0.117055
-210937536
6000000
time: 0.105089
-210937536
6000000
time: 0.11353
-210937536
6000000
time: 0.108517
-210937536
6000000
time: 0.105916
-210937536
6000000
time: 0.100275
-210937536
6000000
time: 0.104803
-210937536
6000000
time: 0.102759
-210937536
6000000
time: 0.107754
-210937536
6000000
time: 0.114287
-210937536
6000000
time: 0.0949321
-210937536
6000000
time: 0.106435
-210937536
6000000
time: 0.0977769
-210937536
6000000
time: 0.106199
-210937536
6000000
time: 0.09743
-210937536
6000000
time: 0.103089
-210937536
6000000
time: 0.0997579
-210937536
6000000
time: 0.105311
-210937536
6000000
time: 0.0947568
-210937536
6000000
time: 0.10024
-210937536
6000000
time: 0.0918469
-210937536
6000000
time: 0.0971842
-210937536
6000000
time: 0.0909419
-210937536
6000000
time: 0.103071
-210937536
6000000
time: 0.08934
-210937536
6000000
time: 0.0924351
-210937536
6000000
time: 0.0881441
-210937536
6000000
time: 0.088841
-210937536
6000000
time: 0.0970061
-210937536
6000000
time: 0.0932639
-210937536
6000000
time: 0.088191
-210937536
6000000
time: 0.092582
-210937536
6000000
time: 0.0830469
-210937536
6000000
time: 0.0908961
-210937536
6000000
time: 0.0869191
-210937536
6000000
time: 0.0865641
-210937536
6000000
time: 0.0884931
-210937536
6000000
time: 0.0874131
-210937536
6000000
time: 0.0839801
-210937536
6000000
time: 0.088203
-210937536
6000000
time: 0.084245
-210937536
6000000
time: 0.083231
-210937536
6000000
time: 0.0873468
-210937536
6000000
time: 0.08125
-210937536
6000000
time: 0.079886
-210937536
6000000
time: 0.0753081
-210937536
6000000
time: 0.0760589
-210937536
6000000
time: 0.079638
-210937536
6000000
time: 0.074219
-210937536
6000000
time: 0.087904
-210937536
6000000
time: 0.0777099
-210937536
6000000
time: 0.0756459
-210937536
6000000
time: 0.0729432
-210937536
6000000
time: 0.0826161
-210937536
6000000
time: 0.0720482
-210937536
6000000
time: 0.0728102
-210937536
6000000
time: 0.0756302
-210937536
6000000
time: 0.071862
-210937536
6000000
time: 0.0709691
-210937536
6000000
time: 0.0726089
-210937536
6000000
time: 0.0818541
-210937536
6000000
time: 0.0740049
-210937536
6000000
time: 0.069324
-210937536
6000000
time: 0.076478
-210937536
6000000
time: 0.0719378
-210937536
6000000
time: 0.0653648
-210937536
6000000
time: 0.0693521
-210937536
6000000
time: 0.08042
-210937536
6000000
time: 0.0696001
-210937536
6000000
time: 0.0702891
-210937536
6000000
time: 0.0736091
-210937536
6000000
time: 0.0707209
-210937536
6000000
time: 0.0686779
-210937536
6000000
time: 0.0709839
-210937536
6000000
time: 0.0666511
-210937536
6000000
time: 0.064436
-210937536
6000000
time: 0.068907
-210937536
6000000
time: 0.0714202
-210937536
6000000
time: 0.0646861
-210937536
6000000
time: 0.068119
-210937536
6000000
time: 0.064939
-210937536
6000000
time: 0.0651031
-210937536
6000000
time: 0.065351
-210937536
6000000
time: 0.0639119
-210937536
6000000
time: 0.0660481
-210937536
6000000
time: 0.066299
-210937536
6000000
time: 0.06389
-210937536
6000000
time: 0.0613899
-210937536
6000000
time: 0.063997
-210937536
6000000
time: 0.063839
-210937536
6000000
time: 0.060544
-210937536
6000000
time: 0.065623
-210937536
6000000
time: 0.0601008
-210937536
6000000
time: 0.063313
-210937536
6000000
time: 0.06341
-210937536
6000000
time: 0.060807
-210937536
6000000
time: 0.0611889
-210937536
6000000
time: 0.0626969
-210937536
6000000
time: 0.0606549
-210937536
6000000
time: 0.0583341
-210937536
6000000
time: 0.0607941
-210937536
6000000
time: 0.059484
-210937536
6000000
time: 0.0607078
-210937536
6000000
time: 0.0623078
-210937536
6000000
time: 0.059191
-210937536
6000000
time: 0.0587871
-210937536
6000000
time: 0.0592711
-210937536
6000000
time: 0.0587521
-210937536
6000000
time: 0.0558629
-210937536
6000000
time: 0.0582609
-210937536
6000000
time: 0.059299
-210937536
6000000
time: 0.0576379
-210937536
6000000
time: 0.0541382
-210937536
6000000
time: 0.0576301
-210937536
6000000
time: 0.0555959
-210937536
6000000
time: 0.0547919
-210937536
6000000
time: 0.0547531
-210937536
6000000
time: 0.053813
-210937536
6000000
time: 0.054425
-210937536
6000000
time: 0.0547171
-210937536
6000000
time: 0.0521131
-210937536
6000000
time: 0.053225
-210937536
6000000
time: 0.0543931
-210937536
6000000
time: 0.0534511
-210937536
6000000
time: 0.055572
-210937536
6000000
time: 0.0551322
-210937536
6000000
time: 0.0532701
-210937536
6000000
time: 0.0523412
-210937536
6000000
time: 0.0525949
-210937536
6000000
time: 0.053998
-210937536
6000000
time: 0.0511441
-210937536
6000000
time: 0.0520558
-210937536
6000000
time: 0.0509911
-210937536
6000000
time: 0.0516069
-210937536
6000000
time: 0.0528672
-210937536
6000000
time: 0.050451
-210937536
6000000
time: 0.051048
-210937536
6000000
time: 0.0489471
-210937536
6000000
time: 0.050235
-210937536
6000000
time: 0.050602
-210937536
6000000
time: 0.0494502
-210937536
6000000
time: 0.047693
-210937536
6000000
time: 0.0503459
-210937536
6000000
time: 0.0485821
-210937536
6000000
time: 0.047672
-210937536
6000000
time: 0.0475099
-210937536
6000000
time: 0.0491629
-210937536
6000000
time: 0.0489259
-210937536
6000000
time: 0.0478559
-210937536
6000000
time: 0.0474021
-210937536
6000000
time: 0.0473239
-210937536
6000000
time: 0.0486441
-210937536
6000000
time: 0.0474029
-210937536
6000000
time: 0.0492339
-210937536
6000000
time: 0.047256
-210937536
6000000
time: 0.0461569
-210937536
6000000
time: 0.0479319
-210937536
6000000
time: 0.04755
-210937536
6000000
time: 0.0477731
-210937536
6000000
time: 0.046608
-210937536
6000000
time: 0.047298
-210937536
6000000
time: 0.0449541
-210937536
6000000
time: 0.0459521
-210937536
6000000
time: 0.046237
-210937536
6000000
time: 0.0470071
-210937536
6000000
time: 0.046272
-210937536
6000000
time: 0.044311
-210937536
6000000
time: 0.0463872
-210937536
6000000
time: 0.04408
-210937536
6000000
time: 0.0449998
-210937536
6000000
time: 0.0459769
-210937536
6000000
time: 0.045783
-210937536
6000000
time: 0.0446661
-210937536
6000000
time: 0.0443239
-210937536
6000000
time: 0.0445259
-210937536
6000000
time: 0.0449629
-210937536
6000000
time: 0.0427611
-210937536
6000000
time: 0.043467
-210937536
6000000
time: 0.0437191
-210937536
6000000
time: 0.0431101
-210937536
6000000
time: 0.043649
-210937536
6000000
time: 0.0434599
-210937536
6000000
time: 0.0438771
-210937536
6000000
time: 0.0444851
-210937536
6000000
time: 0.043015
-210937536
6000000
time: 0.0422339
-210937536
6000000
time: 0.041569
-210937536
6000000
time: 0.0428751
-210937536
6000000
time: 0.04303
-210937536
6000000
time: 0.0416381
-210937536
6000000
time: 0.041332
-210937536
6000000
time: 0.041157
-210937536
6000000
time: 0.0413821
-210937536
6000000
time: 0.0425251
-210937536
6000000
time: 0.041218
-210937536
6000000
time: 0.040771
-210937536
6000000
time: 0.044255
-210937536
6000000
time: 0.0404329
-210937536
6000000
time: 0.0408292
-210937536
6000000
time: 0.0402992
-210937536
6000000
time: 0.0416708
-210937536
6000000
time: 0.0392959
-210937536
6000000
time: 0.0394051
-210937536
6000000
time: 0.040046
-210937536
6000000
time: 0.0400131
-210937536
6000000
time: 0.038969
-210937536
6000000
time: 0.0388739
-210937536
6000000
time: 0.0401449
-210937536
6000000
time: 0.038419
-210937536
6000000
time: 0.038414
-210937536
6000000
time: 0.0400939
-210937536
6000000
time: 0.0377152
-210937536
6000000
time: 0.038543
-210937536
6000000
time: 0.0409799
-210937536
6000000
time: 0.0384269
-210937536
6000000
time: 0.039211
-210937536
6000000
time: 0.0390191
-210937536
6000000
time: 0.0397539
-210937536
6000000
time: 0.0386419
-210937536
6000000
time: 0.0396731
-210937536
6000000
time: 0.038106
-210937536
6000000
time: 0.0404198
-210937536
6000000
time: 0.038136
-210937536
6000000
time: 0.039366
-210937536
6000000
time: 0.03861
-210937536
6000000
time: 0.0390022
-210937536
6000000
time: 0.0393581
-210937536
6000000
time: 0.0401359
-210937536
6000000
time: 0.0381899
-210937536
